CODIGO PRODUCTO | CODIGOS_MAQUINAS
1000 = [8000, ]
1010 = [4801, ]
1020 = [1001, 1002, 1003, 1004, 1220, 1305, 1306, 1311, 1312, 1313, 1316, 1317, 2701, 2702, 3401, 3402, 4201, 4202, 4221, 4222, 9100]
1025 = [1220, 1311, 1312, 1314, 1316, 1317, 9100]
1026 = [1305, 1312, 1316, 1317]
1030 = [4600, ]
1040 = [4610, ]
2000 = [8000, ]
2010 = [1202, 1204, 1210, 1211, 1212, 1314, 1315, 1316, 6027]
2020 = [2508, 3801, 3802, 4001]
2030 = [1205, 6020]
2040 = [4001, 4002, 4003, 4004]
2050 = [1306, 3601]
2060 = [3801, 3802]
2070 = [1212, 1305, 1306, 1311, 1312, 1313, 1314, 1315, 1316, 1317, 1401, 1402, 1403, 9100]
2080 = [1202, 1203, 1205, 1206, 1207, 1210, 1211, 1311, 1314]
2090 = [1202, 1204, 1205, 1206, 1207, 1208, 1209, 1210, 1211, 1212, 1311, 1313, 1315, 1316]
2100 = [6022, ]
2105 = [6022, ]
2110 = [8000, ]
2120 = [6023, ]
2130 = [1202, 1208, 1209, 1313, 1315]
2140 = [4002, 4003, 4004]
2150 = [1201, 1202, 1203, 1204, 1205, 1206, 1207, 1210, 1211, 1212, 9215]
2160 = [1202, 1203, 1204, 1207, 1210]
2170 = [1202, 1203, 1204, 1207, 1210]
2180 = [1112, 1209, 1210, 1211, 1303, 1304]
2190 = [2701, 2702]
2200 = [1202, 1205, 1208, 1209, 1211, 1212]
2210 = [3200, ]
2220 = [1205, 1211]
2230 = [6024, ]
2240 = [1401, 1402, 1403, 1411, 1412]
2248 = [1305, 1316, 1317]
2249 = [1305, 1316, 1317]
2250 = [1212, 1220, 1305, 1306, 1311, 1312, 1313, 1314, 1315, 1316, 1317, 1318, 1401, 1402, 1403, 2501, 2502, 2503, 2508, 3801, 3802, 3810, 6027, 9100]
2251 = [1311, 1312, 1315, 1316, 1317]
2252 = [1311, 1312, 1313, 1315, 1316, 1317]
2253 = [1305, 1311, 1312, 1313, 1315, 1316, 1317, 9100]
2254 = [1305, 1311, 1312, 1313, 1314, 1315, 1316, 1317, 1318, 9100]
2255 = [1304, 1305, 1311, 1313, 1314, 1315, 1316, 1317]
2256 = [1305, 1311, 1313, 1314, 1315, 1316, 1317]
2257 = [1305, 1311, 1313, 1314, 1315, 1316, 1317, 1318, 1402]
2258 = [1311, 1313, 1315]
2259 = [1311, 1313, 1315, 6027]
2260 = [3421, 3422]
2261 = [1305, 1306, 1311, 1312, 1313, 1314, 1315, 1316, 1317]
2262 = [9203, 9213]
2263 = [1314, 1315, 1316, 1317]
2264 = [1314, 1317, 1318]
2265 = [1314, ]
2270 = [1202, 1204, 1205, 1208, 1209, 1210, 1211, 1212]
2275 = [1204, ]
2280 = [8000, ]
2290 = [1631, ]
2300 = [1611, 1612]
2305 = [1202, 1211, 1212]
2310 = [5001, ]
2320 = [1202, 1600, 1601]
2330 = [1600, 1601, 1621, 1631]
2340 = [1205, 4201, 4202, 4221, 4222]
2350 = [1600, 1601, 3801, 3802, 9100]
2360 = [1600, ]
2370 = [1311, 1312, 1313, 1314, 1315, 1402, 1403, 1411, 1412, 1421, 1431, 1440, 2508, 2601, 2602, 2603]
2380 = [1311, 1312, 1313, 1314, 1315]
2385 = [1314, 1403]
2390 = [1312, 1313, 2401, 2402]
2395 = [1314, 1402, 1403, 1421, 1431, 1440]
2400 = [3801, 3802]
2410 = [6026, ]
2420 = [3001, 3002, 3004]
2430 = [2801, 2802, 3401, 3402, 3421, 3422]
2431 = [3401, 3402, 3421, 3422]
2432 = [3401, 3402, 3421, 3422]
2433 = [3401, 3402, 3421, 3422]
2440 = [8000, ]
2501 = [1205, 1211]
2502 = [1311, ]
3000 = [2002, 2003, 2004]
3010 = [2503, 2504, 2508, 2601, 2602, 2603]
3020 = [1835, 1840]
3030 = [1811, 1812]
3040 = [2002, 2003, 2004, 2005, 2006, 2007, 2008]
3050 = [2303, 2304, 2305, 2306, 2307]
3060 = [2002, 2003, 2004, 2005, 2006, 2007, 2008]
3070 = [2303, 2304, 23205, 2306, 2307, 3801]
4000 = [4401, 4402]
4010 = [4401, 4402]
4030 = [4401, 4402]
5010 = [1207, 1317]
6040 = [8000, ]
6050 = [6002, ]
6060 = [6004, ]
6070 = [6006, ]
6080 = [6008, ]
6090 = [6010, ]
6100 = [6012, ]
6110 = [6008, ]
6120 = [6018, ]
6130 = [6018, ]
7000 = [9100, ]
7005 = [8000, ]
7010 = [9207, 9219, 9220, 9228, 9229, 9230, 9231, 9234, 9237]
7015 = [8000, ]
7020 = [8000, ]
7025 = [1318, 9208]
7030 = [8000, ]
7033 = [1314, 1317, 1318]
7034 = [8000, ]
7035 = [1305, 9213]
7036 = [9213, ]
7038 = [9213, ]
7040 = [8000, ]
7045 = [8000, ]
7050 = [8000, ]
7055 = [8000, ]
7060 = [9233, ]
7065 = [8000, ]
7069 = [6027, ]
7070 = [1315, 9234, 9236]
7071 = [1315, 9234]
7080 = [1312,  ]
8010 = [8000, ]
8020 = [9110, ]
8021 = [8000, ]
8022 = [8000, ]
8023 = [8000, ]
8024 = [8000, ]
8025 = [8000, ]
9999 = [8000, ]

